4e
41
54
55
52
45
53
20
46
49
52
53
54
20
47
52
45
45
4e
20
49
53
20
47
4f
4c
44
20
20
48
45
52
20
48
41
52
44
45
53
54
20
48
55
45
20
54
4f
20
48
4f
4c
44
20
20
48
45
52
20
45
41
52
4c
59
20
4c
45
41
56
45
53
20
41
20
46
4c
4f
57
45
52
20
20
42
55
54
20
4f
4e
4c
59
20
53
4f
20
41
4e
20
48
4f
55
52
20
20
54
48
45
4e
20
4c
45
41
46
20
53
55
42
53
49
44
45
53
20
54
4f
20
4c
45
41
46
20
20
42
52
41
59
41
4e
20
4c
45
4f
4e
20
20
4f
4e
4c
49
4e
45
20
20
43
48
55
5a
20
20
51
55
45
42
49
4e
20
20
4f
56
45
4a
41
20
54
55
52
42
4f
20
49
53
20
42
41
43
4b
20
49
4e
20
42
55
53
49
4e
45
53
53
20
42
45
43
41
55
53
45
20
4f
46
20
57
45
49
52
44
20
54
48
49
4e
47
53
20
41
52
4f
55
4e
44
20
48
45
52
20
48
4f
52
53
45
20
41
4e
44
20
54
48
45
49
52
41
20
46
52
49
45
4e
44
53